2004,3
3531,3
587,4
297,11
590,11
659,11
694,11
1086,11
1473,11
1496,11
2116,11
2124,11
2350,11
2393,11
3129,11
3171,11
3217,11
3277,11
3365,11
3534,11
3696,11
3781,11
1,12
3,12
5,12
6,12
8,12
18,12
24,12
37,12
49,12
63,12
78,12
80,12
94,12
97,12
101,12
113,12
120,12
128,12
137,12
139,12
144,12
149,12
156,12
157,12
158,12
159,12
161,12
166,12
172,12
186,12
203,12
204,12
235,12
236,12
238,12
239,12
240,12
241,12
255,12
259,12
265,12
270,12
275,12
283,12
285,12
295,12
307,12
310,12
322,12
332,12
336,12
351,12
359,12
372,12
378,12
383,12
385,12
395,12
398,12
402,12
408,12
424,12
437,12
438,12
439,12
443,12
446,12
448,12
473,12
475,12
484,12
487,12
499,12
508,12
516,12
517,12
519,12
522,12
539,12
541,12
543,12
546,12
548,12
549,12
552,12
553,12
567,12
582,12
612,12
614,12
618,12
622,12
624,12
625,12
626,12
635,12
637,12
641,12
644,12
681,12
682,12
690,12
693,12
698,12
702,12
706,12
713,12
718,12
721,12
729,12
737,12
745,12
753,12
756,12
760,12
780,12
786,12
790,12
797,12
802,12
805,12
810,12
822,12
824,12
831,12
832,12
833,12
836,12
841,12
843,12
851,12
863,12
866,12
880,12
883,12
886,12
890,12
894,12
902,12
905,12
915,12
917,12
924,12
927,12
928,12
932,12
933,12
943,12
945,12
952,12
958,12
960,12
962,12
968,12
986,12
987,12
990,12
994,12
995,12
1000,12
1011,12
1012,12
1023,12
1027,12
1031,12
1045,12
1074,12
1077,12
1079,12
1089,12
1106,12
1108,12
1117,12
1120,12
1141,12
1143,12
1155,12
1158,12
1179,12
1183,12
1191,12
1201,12
1205,12
1209,12
1213,12
1221,12
1226,12
1230,12
1235,12
1247,12
1251,12
1266,12
1272,12
1300,12
1311,12
1315,12
1324,12
1327,12
1333,12
1335,12
1342,12
1347,12
1358,12
1362,12
1366,12
1368,12
1371,12
1375,12
1393,12
1394,12
1396,12
1409,12
1418,12
1419,12
1431,12
1436,12
1437,12
1439,12
1451,12
1452,12
1460,12
1462,12
1482,12
1483,12
1484,12
1491,12
1495,12
1501,12
1511,12
1512,12
1516,12
1517,12
1519,12
1521,12
1522,12
1527,12
1529,12
1539,12
1585,12
1609,12
1611,12
1627,12
1634,12
1643,12
1650,12
1653,12
1654,12
1675,12
1687,12
1699,12
1703,12
1722,12
1760,12
1766,12
1769,12
1774,12
1779,12
1785,12
1799,12
1800,12
1802,12
1819,12
1824,12
1826,12
1827,12
1830,12
1833,12
1837,12
1846,12
1850,12
1852,12
1854,12
1857,12
1858,12
1872,12
1880,12
1884,12
1886,12
1887,12
1889,12
1909,12
1918,12
1921,12
1924,12
1946,12
1951,12
1955,12
1956,12
1973,12
1977,12
1985,12
1989,12
1992,12
1997,12
1999,12
2002,12
2005,12
2014,12
2019,12
2023,12
2025,12
2034,12
2054,12
2075,12
2079,12
2080,12
2089,12
2100,12
2109,12
2160,12
2162,12
2164,12
2174,12
2177,12
2183,12
2188,12
2189,12
2202,12
2209,12
2217,12
2221,12
2227,12
2230,12
2235,12
2247,12
2259,12
2261,12
2265,12
2266,12
2273,12
2289,12
2292,12
2295,12
2302,12
2305,12
2316,12
2320,12
2328,12
2339,12
2351,12
2353,12
2356,12
2357,12
2360,12
2363,12
2366,12
2367,12
2373,12
2390,12
2392,12
2406,12
2410,12
2426,12
2432,12
2439,12
2440,12
2448,12
2455,12
2474,12
2485,12
2486,12
2487,12
2500,12
2509,12
2525,12
2526,12
2534,12
2551,12
2572,12
2575,12
2579,12
2586,12
2587,12
2604,12
2622,12
2629,12
2631,12
2632,12
2633,12
2634,12
2639,12
2649,12
2652,12
2664,12
2666,12
2667,12
2675,12
2677,12
2679,12
2680,12
2681,12
2688,12
2695,12
2740,12
2752,12
2769,12
2770,12
2771,12
2773,12
2782,12
2788,12
2791,12
2795,12
2797,12
2805,12
2810,12
2824,12
2831,12
2837,12
2844,12
2846,12
2870,12
2884,12
2887,12
2894,12
2897,12
2899,12
2900,12
2903,12
2907,12
2916,12
2919,12
2932,12
2933,12
2936,12
2940,12
2951,12
2967,12
2968,12
2970,12
2975,12
2989,12
3004,12
3008,12
3009,12
3011,12
3016,12
3017,12
3022,12
3023,12
3024,12
3032,12
3036,12
3037,12
3040,12
3042,12
3065,12
3068,12
3069,12
3072,12
3075,12
3076,12
3103,12
3106,12
3138,12
3154,12
3161,12
3162,12
3166,12
3179,12
3184,12
3193,12
3198,12
3201,12
3206,12
3209,12
3211,12
3220,12
3221,12
3224,12
3236,12
3250,12
3252,12
3276,12
3278,12
3305,12
3306,12
3312,12
3315,12
3317,12
3340,12
3347,12
3362,12
3364,12
3366,12
3373,12
3389,12
3393,12
3397,12
3398,12
3403,12
3404,12
3408,12
3413,12
3414,12
3418,12
3429,12
3435,12
3447,12
3448,12
3451,12
3479,12
3489,12
3490,12
3498,12
3502,12
3504,12
3509,12
3513,12
3517,12
3519,12
3523,12
3526,12
3527,12
3540,12
3545,12
3547,12
3559,12
3567,12
3570,12
3589,12
3593,12
3594,12
3605,12
3616,12
3618,12
3625,12
3632,12
3635,12
3645,12
3653,12
3670,12
3679,12
3686,12
3691,12
3705,12
3726,12
3729,12
3735,12
3738,12
3740,12
3741,12
3757,12
3763,12
3765,12
3774,12
3776,12
3777,12
3778,12
3792,12
3807,12
3812,12
3821,12
3831,12
3843,12
3845,12
3846,12
3850,12
3855,12
3857,12
3872,12
3896,12
505,22
3500,22
54,26
291,26
1100,26
1369,26
2638,26
3701,26
581,30
642,30
1193,30
1293,30
1486,30
2558,30
2833,30
2847,30
3070,30
3316,30
3835,30
1261,36
1581,36
1679,37
1723,37
1831,37
1856,37
2212,37
3030,37
3158,37
3477,37
3543,37
3680,37
193,39
339,39
741,39
874,39
1095,39
1224,39
1541,39
1595,39
2098,39
2158,39
2370,39
3039,39
3345,39
3555,39
3651,39
3156,40
3901,40
807,45
2033,45
3243,45
2582,48
12,52
32,52
38,52
68,52
76,52
98,52
126,52
151,52
176,52
199,52
215,52
222,52
258,52
278,52
318,52
340,52
367,52
376,52
427,52
441,52
457,52
461,52
488,52
526,52
529,52
538,52
557,52
569,52
629,52
633,52
645,52
648,52
649,52
654,52
656,52
664,52
709,52
740,52
757,52
779,52
830,52
839,52
857,52
919,52
976,52
979,52
982,52
983,52
1006,52
1008,52
1042,52
1052,52
1061,52
1124,52
1164,52
1173,52
1206,52
1225,52
1259,52
1307,52
1364,52
1387,52
1390,52
1398,52
1413,52
1421,52
1423,52
1425,52
1430,52
1435,52
1441,52
1467,52
1472,52
1538,52
1544,52
1550,52
1560,52
1591,52
1638,52
1686,52
1705,52
1727,52
1731,52
1741,52
1752,52
1757,52
1764,52
1784,52
1789,52
1843,52
1864,52
1875,52
1879,52
1885,52
1904,52
1906,52
2040,52
2050,52
2058,52
2137,52
2181,52
2205,52
2238,52
2251,52
2300,52
2311,52
2317,52
2338,52
2377,52
2431,52
2441,52
2456,52
2477,52
2490,52
2492,52
2494,52
2501,52
2508,52
2539,52
2546,52
2559,52
2569,52
2597,52
2615,52
2646,52
2653,52
2669,52
2676,52
2683,52
2696,52
2706,52
2707,52
2729,52
2749,52
2762,52
2793,52
2809,52
2812,52
2816,52
2822,52
2852,52
2888,52
3007,52
3067,52
3077,52
3108,52
3118,52
3149,52
3155,52
3231,52
3259,52
3302,52
3303,52
3304,52
3324,52
3328,52
3344,52
3381,52
3384,52
3386,52
3430,52
3473,52
3507,52
3524,52
3542,52
3572,52
3587,52
3591,52
3601,52
3646,52
3648,52
3715,52
3716,52
3734,52
3744,52
3746,52
3752,52
3754,52
3796,52
3797,52
3819,52
3823,52
2594,53
36,54
59,54
73,54
105,54
164,54
197,54
226,54
249,54
347,54
382,54
419,54
429,54
430,54
469,54
502,54
518,54
528,54
651,54
660,54
699,54
716,54
726,54
798,54
840,54
842,54
893,54
911,54
935,54
1044,54
1060,54
1090,54
1142,54
1146,54
1165,54
1180,54
1195,54
1280,54
1297,54
1341,54
1344,54
1376,54
1403,54
1440,54
1443,54
1497,54
1548,54
1597,54
1732,54
1739,54
1814,54
1862,54
1930,54
1990,54
2027,54
2042,54
2297,54
2345,54
2346,54
2359,54
2502,54
2517,54
2518,54
2560,54
2577,54
2589,54
2642,54
2738,54
2765,54
2938,54
2988,54
2993,54
3020,54
3031,54
3119,54
3135,54
3176,54
3190,54
3239,54
3318,54
3346,54
3515,54
3522,54
3585,54
3664,54
3677,54
3759,54
3764,54
3771,54
3791,54
3810,54
3852,54
3887,54
3890,54
55,57
61,57
119,57
279,57
311,57
380,57
445,57
491,57
663,57
806,57
844,57
867,57
907,57
921,57
925,57
929,57
931,57
1107,57
1126,57
1128,57
1264,57
1298,57
1402,57
1528,57
1600,57
1660,57
1678,57
1690,57
1700,57
1720,57
1903,57
1983,57
2256,57
2488,57
2504,57
2742,57
2746,57
2832,57
2859,57
2893,57
3099,57
3295,57
3322,57
3336,57
3368,57
3419,57
3455,57
3495,57
3496,57
3541,57
3580,57
3706,57
3719,57
3904,57
1471,58
855,61
2386,61
3098,61
205,62
1250,63
527,66
1144,66
1493,66
1932,66
1939,66
2872,66
3123,66
83,67
103,67
122,67
129,67
143,67
185,67
229,67
244,67
252,67
337,67
349,67
353,67
409,67
436,67
564,67
570,67
628,67
667,67
717,67
738,67
803,67
868,67
909,67
912,67
953,67
1053,67
1176,67
1186,67
1200,67
1285,67
1292,67
1294,67
1301,67
1380,67
1406,67
1416,67
1417,67
1470,67
1500,67
1623,67
1673,67
1681,67
1693,67
1707,67
1748,67
1836,67
1853,67
1860,67
1873,67
1893,67
1900,67
1917,67
1947,67
1960,67
1986,67
2038,67
2057,67
2087,67
2097,67
2150,67
2199,67
2200,67
2201,67
2208,67
2234,67
2237,67
2255,67
2274,67
2280,67
2284,67
2321,67
2327,67
2340,67
2545,67
2605,67
2607,67
2628,67
2636,67
2754,67
2803,67
2875,67
2954,67
2963,67
3046,67
3063,67
3107,67
3112,67
3117,67
3167,67
3210,67
3227,67
3245,67
3326,67
3358,67
3374,67
3457,67
3557,67
3612,67
3634,67
3666,67
3668,67
3698,67
3743,67
3762,67
3787,67
3817,67
3905,67
871,68
1147,68
1490,68
2674,68
2848,68
3050,68
3454,68
3730,71
3110,74
2524,77
2567,77
1334,78
1463,84
2220,86
1567,90
2313,90
3836,93
300,94
326,94
404,94
670,94
722,94
743,94
954,94
1187,94
1381,94
1594,94
1599,94
1622,94
2013,94
2066,94
2070,94
2084,94
2107,94
2114,94
2250,94
2288,94
2301,94
2322,94
2420,94
2468,94
2498,94
2529,94
2533,94
2549,94
2611,94
2699,94
2764,94
2860,94
3000,94
3002,94
3003,94
3047,94
3115,94
3169,94
3182,94
3195,94
3323,94
3355,94
3487,94
3539,94
3546,94
3590,94
3595,94
3727,94
3732,94
3747,94
0,99
2,99
4,99
9,99
10,99
20,99
22,99
27,99
28,99
29,99
34,99
35,99
41,99
42,99
50,99
57,99
60,99
66,99
71,99
72,99
74,99
77,99
79,99
82,99
86,99
87,99
90,99
93,99
100,99
107,99
108,99
109,99
115,99
123,99
124,99
131,99
133,99
138,99
142,99
145,99
148,99
150,99
162,99
163,99
173,99
174,99
175,99
179,99
181,99
183,99
187,99
188,99
190,99
192,99
196,99
198,99
200,99
201,99
202,99
207,99
219,99
220,99
223,99
231,99
232,99
233,99
242,99
245,99
250,99
267,99
274,99
276,99
281,99
293,99
301,99
304,99
313,99
331,99
335,99
362,99
371,99
373,99
375,99
386,99
391,99
392,99
394,99
407,99
412,99
414,99
420,99
422,99
428,99
432,99
435,99
444,99
451,99
452,99
453,99
460,99
462,99
467,99
468,99
472,99
478,99
479,99
480,99
482,99
483,99
486,99
489,99
490,99
492,99
497,99
504,99
511,99
514,99
520,99
523,99
525,99
535,99
536,99
542,99
544,99
547,99
550,99
551,99
555,99
559,99
560,99
561,99
562,99
575,99
576,99
577,99
583,99
596,99
602,99
604,99
605,99
608,99
610,99
611,99
616,99
620,99
632,99
643,99
650,99
653,99
657,99
658,99
662,99
666,99
671,99
672,99
678,99
680,99
688,99
692,99
695,99
697,99
705,99
707,99
715,99
719,99
730,99
734,99
749,99
764,99
771,99
772,99
777,99
792,99
795,99
808,99
815,99
816,99
819,99
820,99
825,99
826,99
827,99
828,99
829,99
853,99
856,99
858,99
860,99
865,99
870,99
875,99
878,99
884,99
888,99
895,99
896,99
897,99
898,99
900,99
901,99
903,99
904,99
908,99
920,99
922,99
926,99
930,99
934,99
939,99
940,99
941,99
946,99
950,99
955,99
966,99
970,99
972,99
974,99
978,99
985,99
989,99
993,99
1001,99
1003,99
1007,99
1013,99
1017,99
1019,99
1028,99
1033,99
1035,99
1046,99
1047,99
1048,99
1050,99
1054,99
1056,99
1057,99
1062,99
1064,99
1065,99
1068,99
1071,99
1075,99
1080,99
1082,99
1083,99
1092,99
1101,99
1102,99
1113,99
1114,99
1130,99
1134,99
1136,99
1137,99
1139,99
1140,99
1151,99
1153,99
1154,99
1160,99
1166,99
1172,99
1181,99
1189,99
1194,99
1198,99
1202,99
1204,99
1207,99
1211,99
1215,99
1218,99
1231,99
1234,99
1241,99
1242,99
1243,99
1246,99
1248,99
1249,99
1253,99
1258,99
1260,99
1265,99
1278,99
1279,99
1286,99
1290,99
1291,99
1295,99
1304,99
1312,99
1321,99
1349,99
1350,99
1353,99
1367,99
1370,99
1373,99
1385,99
1388,99
1389,99
1395,99
1397,99
1410,99
1411,99
1414,99
1420,99
1428,99
1429,99
1433,99
1438,99
1448,99
1453,99
1458,99
1468,99
1474,99
1488,99
1499,99
1504,99
1505,99
1524,99
1533,99
1534,99
1546,99
1556,99
1557,99
1561,99
1568,99
1570,99
1575,99
1577,99
1579,99
1583,99
1590,99
1602,99
1605,99
1608,99
1610,99
1615,99
1620,99
1625,99
1630,99
1631,99
1633,99
1639,99
1647,99
1648,99
1656,99
1657,99
1666,99
1670,99
1676,99
1697,99
1698,99
1701,99
1702,99
1709,99
1710,99
1713,99
1721,99
1724,99
1728,99
1729,99
1736,99
1740,99
1743,99
1744,99
1745,99
1746,99
1761,99
1768,99
1771,99
1777,99
1790,99
1794,99
1797,99
1798,99
1804,99
1806,99
1808,99
1813,99
1815,99
1816,99
1817,99
1820,99
1821,99
1838,99
1842,99
1844,99
1859,99
1865,99
1871,99
1874,99
1876,99
1878,99
1881,99
1882,99
1883,99
1891,99
1895,99
1899,99
1901,99
1902,99
1908,99
1912,99
1914,99
1915,99
1922,99
1926,99
1928,99
1931,99
1934,99
1937,99
1941,99
1942,99
1948,99
1949,99
1954,99
1957,99
1970,99
1976,99
1979,99
1980,99
1991,99
1993,99
2000,99
2001,99
2003,99
2011,99
2012,99
2016,99
2020,99
2021,99
2024,99
2031,99
2032,99
2039,99
2043,99
2044,99
2052,99
2053,99
2059,99
2061,99
2067,99
2069,99
2081,99
2082,99
2088,99
2090,99
2092,99
2102,99
2103,99
2104,99
2117,99
2121,99
2125,99
2132,99
2134,99
2135,99
2136,99
2144,99
2148,99
2153,99
2154,99
2161,99
2163,99
2166,99
2167,99
2169,99
2172,99
2179,99
2182,99
2190,99
2215,99
2218,99
2219,99
2222,99
2225,99
2226,99
2229,99
2231,99
2257,99
2258,99
2262,99
2267,99
2269,99
2270,99
2271,99
2272,99
2282,99
2291,99
2293,99
2294,99
2299,99
2306,99
2307,99
2308,99
2312,99
2324,99
2325,99
2329,99
2330,99
2332,99
2335,99
2336,99
2337,99
2344,99
2347,99
2355,99
2358,99
2365,99
2369,99
2371,99
2375,99
2382,99
2387,99
2388,99
2391,99
2394,99
2397,99
2401,99
2403,99
2405,99
2409,99
2414,99
2416,99
2424,99
2428,99
2429,99
2433,99
2438,99
2447,99
2457,99
2465,99
2467,99
2469,99
2481,99
2483,99
2503,99
2510,99
2511,99
2515,99
2528,99
2530,99
2531,99
2553,99
2564,99
2573,99
2574,99
2576,99
2584,99
2585,99
2588,99
2592,99
2596,99
2598,99
2599,99
2603,99
2608,99
2610,99
2617,99
2626,99
2644,99
2647,99
2658,99
2665,99
2670,99
2671,99
2684,99
2685,99
2690,99
2693,99
2694,99
2704,99
2713,99
2717,99
2721,99
2723,99
2730,99
2732,99
2735,99
2739,99
2748,99
2753,99
2755,99
2756,99
2761,99
2767,99
2772,99
2774,99
2778,99
2779,99
2799,99
2804,99
2806,99
2813,99
2819,99
2821,99
2823,99
2825,99
2827,99
2828,99
2836,99
2839,99
2841,99
2845,99
2850,99
2853,99
2854,99
2857,99
2858,99
2861,99
2867,99
2873,99
2885,99
2886,99
2889,99
2896,99
2902,99
2908,99
2909,99
2913,99
2915,99
2917,99
2918,99
2920,99
2924,99
2926,99
2927,99
2929,99
2937,99
2943,99
2948,99
2961,99
2977,99
2979,99
2980,99
2983,99
2984,99
2985,99
2991,99
2992,99
2994,99
2995,99
2997,99
2999,99
3001,99
3012,99
3014,99
3025,99
3027,99
3028,99
3035,99
3041,99
3044,99
3045,99
3052,99
3053,99
3064,99
3078,99
3079,99
3082,99
3087,99
3092,99
3093,99
3095,99
3097,99
3111,99
3113,99
3125,99
3137,99
3142,99
3145,99
3146,99
3159,99
3168,99
3170,99
3173,99
3188,99
3196,99
3197,99
3200,99
3207,99
3212,99
3213,99
3216,99
3218,99
3219,99
3222,99
3223,99
3228,99
3237,99
3241,99
3242,99
3249,99
3251,99
3264,99
3265,99
3266,99
3271,99
3272,99
3273,99
3285,99
3286,99
3294,99
3296,99
3300,99
3314,99
3321,99
3337,99
3352,99
3353,99
3354,99
3356,99
3387,99
3391,99
3394,99
3396,99
3399,99
3402,99
3405,99
3406,99
3407,99
3411,99
3424,99
3431,99
3433,99
3436,99
3446,99
3461,99
3465,99
3466,99
3467,99
3468,99
3469,99
3471,99
3476,99
3482,99
3483,99
3484,99
3488,99
3491,99
3493,99
3497,99
3499,99
3508,99
3516,99
3529,99
3532,99
3535,99
3536,99
3548,99
3550,99
3556,99
3560,99
3561,99
3575,99
3581,99
3586,99
3592,99
3599,99
3603,99
3614,99
3619,99
3624,99
3626,99
3647,99
3663,99
3669,99
3683,99
3689,99
3690,99
3692,99
3702,99
3703,99
3704,99
3712,99
3714,99
3721,99
3722,99
3723,99
3725,99
3728,99
3731,99
3733,99
3745,99
3748,99
3753,99
3766,99
3767,99
3775,99
3794,99
3801,99
3806,99
3808,99
3814,99
3815,99
3818,99
3833,99
3848,99
3849,99
3851,99
3863,99
3874,99
3876,99
3877,99
3878,99
3879,99
3880,99
3881,99
3882,99
3883,99
3888,99
3895,99
3897,99
3903,99
216,105
325,105
426,105
496,105
647,105
724,105
765,105
799,105
914,105
1132,105
1227,105
1614,105
1636,105
1943,105
2056,105
2554,105
2741,105
3021,105
3163,105
3199,105
3202,105
3263,105
3717,105
3784,105
3834,105
3841,105
731,108
1121,108
1167,108
1479,108
1662,108
2268,108
2450,108
3417,108
3602,108
1480,110
17,112
365,114
2877,114
750,116
1005,116
1127,116
1135,116
1299,116
1492,116
2115,116
2155,116
2449,116
2491,116
2895,116
3048,116
3100,116
3143,116
3258,116
355,120
3641,120
3736,120
234,121
3416,125
3562,125
2722,127
3400,127
345,137
1778,137
2206,137
7,139
384,139
674,139
1133,139
1219,139
1232,139
1981,139
2246,139
2700,139
2758,139
2817,139
2941,139
3084,139
3267,139
3371,139
3607,139
3720,139
3824,139
2892,145
3739,145
2986,159
1104,160
1245,160
2673,161
3673,161
2178,164
2711,164
3140,164
31,166
306,166
861,166
1825,166
1848,166
2197,166
2934,166
1869,167
431,168
2798,168
271,173
3576,176
3893,178
15,179
23,179
102,179
110,179
117,179
194,179
243,179
320,179
399,179
477,179
524,179
563,179
580,179
627,179
773,179
847,179
879,179
885,179
957,179
1055,179
1063,179
1078,179
1118,179
1131,179
1148,179
1267,179
1283,179
1310,179
1405,179
1518,179
1593,179
1641,179
1646,179
1715,179
1841,179
1870,179
1898,179
1982,179
2065,179
2113,179
2278,179
2342,179
2385,179
2460,179
2616,179
2719,179
2727,179
2780,179
2890,179
2982,179
3089,179
3181,179
3301,179
3549,179
3711,179
3749,179
3462,180
1649,186
3786,187
227,191
2133,195
1233,199
3085,199
26,202
104,202
121,202
253,202
521,202
531,202
661,202
684,202
770,202
778,202
1020,202
1037,202
1043,202
1072,202
1138,202
1340,202
1756,202
1792,202
1849,202
1910,202
2184,202
2223,202
2568,202
2944,202
2990,202
3351,202
3395,202
3579,202
3654,202
3779,202
3782,202
3840,202
3868,202
2341,205
854,207
228,208
463,208
1256,208
2808,208
3832,212
177,213
1738,213
788,216
2045,218
2728,220
3160,220
3551,220
1111,221
3615,221
585,226
3174,226
3584,226
3606,226
11,230
184,230
225,230
315,230
334,230
370,230
584,230
630,230
673,230
728,230
758,230
1237,230
1588,230
2041,230
2139,230
2473,230
2482,230
2849,230
2868,230
2911,230
3083,230
3177,230
3309,230
3330,230
3335,230
3363,230
3392,230
3611,230
135,232
493,232
533,232
677,232
877,232
889,232
973,232
999,232
1024,232
1099,232
1110,232
1116,232
1645,232
1810,232
1971,232
1975,232
2022,232
2120,232
2248,232
2376,232
2493,232
2565,232
2571,232
2792,232
2910,232
2969,232
3005,232
3383,232
3452,232
3533,232
3574,232
3598,232
3678,232
14,233
46,234
70,234
16,236
19,236
33,236
39,236
40,236
44,236
45,236
48,236
51,236
58,236
64,236
65,236
85,236
91,236
114,236
116,236
118,236
125,236
127,236
132,236
134,236
136,236
146,236
147,236
153,236
154,236
160,236
167,236
168,236
169,236
178,236
182,236
189,236
195,236
209,236
210,236
211,236
213,236
214,236
221,236
246,236
254,236
256,236
260,236
268,236
269,236
273,236
280,236
282,236
292,236
296,236
298,236
299,236
302,236
305,236
312,236
314,236
316,236
317,236
321,236
323,236
327,236
328,236
329,236
330,236
333,236
341,236
342,236
344,236
358,236
361,236
364,236
368,236
369,236
374,236
377,236
381,236
388,236
389,236
390,236
397,236
405,236
410,236
411,236
413,236
415,236
416,236
417,236
425,236
433,236
442,236
447,236
455,236
456,236
466,236
470,236
471,236
474,236
481,236
485,236
495,236
501,236
507,236
510,236
512,236
513,236
515,236
530,236
534,236
537,236
558,236
565,236
566,236
568,236
572,236
573,236
574,236
579,236
586,236
589,236
592,236
594,236
595,236
597,236
598,236
599,236
600,236
601,236
607,236
613,236
617,236
623,236
639,236
640,236
652,236
668,236
669,236
675,236
676,236
679,236
685,236
686,236
687,236
689,236
691,236
696,236
700,236
703,236
704,236
714,236
723,236
725,236
733,236
736,236
739,236
746,236
747,236
752,236
754,236
759,236
763,236
766,236
768,236
769,236
774,236
775,236
776,236
781,236
785,236
787,236
789,236
791,236
800,236
804,236
812,236
813,236
814,236
817,236
837,236
845,236
849,236
852,236
862,236
864,236
873,236
876,236
887,236
891,236
899,236
918,236
923,236
937,236
959,236
961,236
964,236
965,236
969,236
971,236
977,236
981,236
984,236
998,236
1002,236
1004,236
1014,236
1016,236
1021,236
1034,236
1040,236
1041,236
1049,236
1067,236
1081,236
1085,236
1093,236
1096,236
1098,236
1109,236
1115,236
1119,236
1125,236
1129,236
1145,236
1150,236
1152,236
1157,236
1162,236
1163,236
1168,236
1171,236
1177,236
1184,236
1185,236
1190,236
1203,236
1210,236
1214,236
1222,236
1236,236
1238,236
1255,236
1257,236
1271,236
1274,236
1275,236
1276,236
1277,236
1281,236
1282,236
1288,236
1289,236
1296,236
1302,236
1303,236
1305,236
1306,236
1308,236
1319,236
1323,236
1325,236
1326,236
1330,236
1332,236
1336,236
1337,236
1338,236
1339,236
1343,236
1346,236
1351,236
1355,236
1356,236
1357,236
1361,236
1377,236
1382,236
1383,236
1392,236
1399,236
1404,236
1407,236
1408,236
1424,236
1426,236
1432,236
1442,236
1446,236
1447,236
1449,236
1450,236
1455,236
1456,236
1459,236
1464,236
1465,236
1469,236
1477,236
1478,236
1481,236
1487,236
1489,236
1494,236
1506,236
1507,236
1508,236
1509,236
1520,236
1531,236
1536,236
1537,236
1545,236
1551,236
1552,236
1554,236
1558,236
1562,236
1563,236
1565,236
1566,236
1569,236
1571,236
1572,236
1573,236
1584,236
1586,236
1589,236
1592,236
1596,236
1601,236
1603,236
1604,236
1612,236
1613,236
1617,236
1618,236
1629,236
1637,236
1640,236
1642,236
1644,236
1655,236
1659,236
1661,236
1663,236
1664,236
1665,236
1668,236
1671,236
1672,236
1677,236
1680,236
1682,236
1688,236
1689,236
1691,236
1695,236
1704,236
1706,236
1708,236
1716,236
1717,236
1718,236
1726,236
1730,236
1734,236
1735,236
1742,236
1747,236
1749,236
1751,236
1753,236
1754,236
1755,236
1762,236
1763,236
1767,236
1772,236
1776,236
1781,236
1782,236
1783,236
1787,236
1793,236
1803,236
1809,236
1812,236
1818,236
1828,236
1834,236
1835,236
1839,236
1861,236
1868,236
1877,236
1896,236
1911,236
1913,236
1916,236
1920,236
1925,236
1927,236
1929,236
1936,236
1953,236
1959,236
1961,236
1962,236
1963,236
1964,236
1965,236
1967,236
1974,236
1978,236
1984,236
1987,236
1988,236
1995,236
1998,236
2007,236
2008,236
2010,236
2015,236
2017,236
2018,236
2028,236
2029,236
2036,236
2037,236
2048,236
2049,236
2063,236
2064,236
2072,236
2073,236
2078,236
2085,236
2086,236
2095,236
2096,236
2099,236
2118,236
2122,236
2123,236
2126,236
2129,236
2130,236
2131,236
2138,236
2142,236
2143,236
2146,236
2156,236
2157,236
2159,236
2165,236
2168,236
2170,236
2171,236
2173,236
2175,236
2176,236
2187,236
2192,236
2195,236
2204,236
2207,236
2214,236
2224,236
2228,236
2232,236
2233,236
2242,236
2244,236
2276,236
2277,236
2279,236
2283,236
2285,236
2286,236
2290,236
2296,236
2303,236
2304,236
2323,236
2331,236
2333,236
2343,236
2352,236
2361,236
2374,236
2380,236
2389,236
2396,236
2399,236
2400,236
2407,236
2411,236
2413,236
2415,236
2417,236
2419,236
2421,236
2423,236
2425,236
2427,236
2437,236
2443,236
2444,236
2446,236
2451,236
2452,236
2454,236
2458,236
2459,236
2462,236
2466,236
2471,236
2478,236
2499,236
2506,236
2513,236
2514,236
2519,236
2520,236
2523,236
2527,236
2537,236
2538,236
2540,236
2541,236
2547,236
2550,236
2561,236
2570,236
2578,236
2583,236
2590,236
2591,236
2600,236
2609,236
2612,236
2613,236
2618,236
2620,236
2621,236
2624,236
2627,236
2635,236
2645,236
2654,236
2656,236
2657,236
2660,236
2661,236
2662,236
2686,236
2689,236
2692,236
2697,236
2698,236
2701,236
2705,236
2708,236
2709,236
2716,236
2724,236
2731,236
2733,236
2737,236
2743,236
2747,236
2751,236
2757,236
2763,236
2766,236
2776,236
2781,236
2785,236
2786,236
2787,236
2796,236
2800,236
2807,236
2811,236
2818,236
2826,236
2834,236
2835,236
2843,236
2856,236
2862,236
2863,236
2871,236
2874,236
2876,236
2880,236
2882,236
2883,236
2898,236
2901,236
2904,236
2914,236
2923,236
2930,236
2931,236
2935,236
2939,236
2945,236
2953,236
2956,236
2957,236
2958,236
2960,236
2962,236
2964,236
2965,236
2966,236
2971,236
2973,236
2974,236
2978,236
2981,236
2996,236
3013,236
3015,236
3029,236
3043,236
3051,236
3054,236
3056,236
3057,236
3059,236
3060,236
3061,236
3062,236
3066,236
3073,236
3086,236
3088,236
3101,236
3105,236
3109,236
3120,236
3126,236
3128,236
3136,236
3144,236
3147,236
3148,236
3153,236
3172,236
3183,236
3189,236
3191,236
3192,236
3194,236
3214,236
3225,236
3232,236
3233,236
3234,236
3235,236
3238,236
3240,236
3244,236
3247,236
3248,236
3254,236
3256,236
3260,236
3269,236
3275,236
3289,236
3290,236
3298,236
3307,236
3310,236
3313,236
3320,236
3325,236
3329,236
3332,236
3333,236
3334,236
3360,236
3367,236
3369,236
3372,236
3376,236
3377,236
3379,236
3385,236
3390,236
3401,236
3410,236
3421,236
3426,236
3427,236
3432,236
3434,236
3438,236
3442,236
3443,236
3449,236
3456,236
3460,236
3463,236
3464,236
3472,236
3475,236
3481,236
3485,236
3486,236
3492,236
3494,236
3501,236
3503,236
3510,236
3518,236
3521,236
3525,236
3530,236
3537,236
3538,236
3554,236
3564,236
3566,236
3571,236
3577,236
3578,236
3583,236
3588,236
3596,236
3597,236
3608,236
3610,236
3613,236
3620,236
3621,236
3622,236
3623,236
3630,236
3638,236
3642,236
3644,236
3649,236
3650,236
3652,236
3655,236
3656,236
3658,236
3659,236
3662,236
3671,236
3672,236
3675,236
3681,236
3684,236
3685,236
3687,236
3688,236
3697,236
3699,236
3700,236
3708,236
3709,236
3710,236
3718,236
3751,236
3760,236
3768,236
3770,236
3772,236
3773,236
3788,236
3790,236
3795,236
3798,236
3802,236
3805,236
3811,236
3813,236
3820,236
3822,236
3825,236
3826,236
3827,236
3828,236
3830,236
3838,236
3842,236
3844,236
3854,236
3858,236
3860,236
3866,236
3869,236
3870,236
3873,236
3884,236
3889,236
3891,236
3892,236
3894,236
3898,236
3899,236
910,238
3480,238
2668,239
621,245
2186,245
545,248
1454,248
2942,248
3380,248
913,249
1525,249
2516,249
2655,249
2976,249
3514,249
3886,249
2745,252
3055,254
303,255
708,257
1217,257
1540,257
1553,257
2026,257
2557,257
3038,257
3226,257
3378,257
494,258
3756,259
1094,264
2946,265
2254,266
2281,267
2408,268
208,274
1514,274
1543,274
1832,274
2879,274
3081,274
3867,274
1667,277
3229,283
3444,283
171,287
290,287
634,287
869,287
1009,287
1091,287
1175,287
1239,287
1359,287
1365,287
1415,287
1513,287
1621,287
1628,287
1674,287
1759,287
1944,287
1994,287
2046,287
2141,287
2260,287
2422,287
2602,287
2623,287
2720,287
3114,287
3185,287
3292,287
3339,287
3423,287
3459,287
3609,287
3640,287
1015,290
1658,290
2710,290
155,293
170,293
180,293
277,293
319,293
423,293
440,293
503,293
532,293
701,293
710,293
712,293
727,293
735,293
748,293
793,293
892,293
938,293
956,293
963,293
1025,293
1051,293
1069,293
1105,293
1149,293
1182,293
1188,293
1196,293
1197,293
1252,293
1269,293
1317,293
1318,293
1322,293
1354,293
1391,293
1401,293
1422,293
1445,293
1461,293
1498,293
1530,293
1535,293
1549,293
1598,293
1632,293
1635,293
1652,293
1696,293
1711,293
1719,293
1737,293
1796,293
1807,293
1822,293
1855,293
1890,293
1897,293
1919,293
1950,293
1968,293
1972,293
2077,293
2094,293
2112,293
2119,293
2140,293
2145,293
2193,293
2211,293
2240,293
2263,293
2287,293
2310,293
2435,293
2453,293
2505,293
2563,293
2566,293
2601,293
2630,293
2640,293
2678,293
2725,293
2814,293
2820,293
2851,293
2906,293
2952,293
2987,293
3018,293
3019,293
3033,293
3094,293
3134,293
3164,293
3205,293
3262,293
3283,293
3311,293
3382,293
3439,293
3445,293
3520,293
3639,293
3660,293
3694,293
3695,293
3707,293
3755,293
3758,293
3783,293
3785,293
3800,293
3809,293
3864,293
3885,293
3900,293
2074,295
3130,296
1582,297
2702,300
2512,309
84,310
112,310
2784,310
2947,310
1547,311
1555,311
2091,311
2434,311
3409,311
3412,311
609,312
1866,313
3096,315
1940,316
2866,316
230,317
711,317
1026,317
1352,317
1384,317
1765,317
1811,317
2264,317
2614,317
2950,317
3331,317
3420,317
3582,317
3629,317
3859,317
3865,317
2236,319
3157,319
3453,319
3370,324
1070,327
1733,329
3287,332
3091,333
89,334
400,334
665,334
848,334
1178,334
1532,334
1892,334
2006,334
2712,334
2794,334
3131,334
3270,334
3280,334
3281,334
3544,334
3665,334
3512,335
2127,341
744,342
997,342
1010,342
1263,342
2110,342
2111,342
3203,342
2436,343
944,344
1624,344
2151,344
2194,344
2580,344
3565,344
3875,344
30,346
75,346
262,346
308,346
401,346
406,346
646,346
761,346
794,346
882,346
1073,346
1229,346
1287,346
1313,346
1360,346
1515,346
1651,346
1805,346
1966,346
2101,346
2239,346
2275,346
2372,346
2430,346
2556,346
2718,346
2734,346
2949,346
2955,346
3253,346
3257,346
3261,346
3361,346
3428,346
3799,346
3803,346
343,355
3133,357
43,358
47,358
88,358
257,358
272,358
338,358
350,358
434,358
593,358
603,358
751,358
936,358
1038,358
1058,358
1363,358
1476,358
1526,358
1786,358
1851,358
1958,358
2060,358
2198,358
2552,358
2650,358
2744,358
2881,358
2891,358
2912,358
3175,358
3246,358
3308,358
3343,358
3528,358
3750,358
21,362
25,362
56,362
67,362
81,362
95,362
130,362
152,362
247,362
354,362
366,362
396,362
458,362
498,362
554,362
619,362
638,362
782,362
823,362
859,362
942,362
947,362
949,362
967,362
1039,362
1199,362
1223,362
1240,362
1268,362
1378,362
1400,362
1427,362
1502,362
1542,362
1750,362
1795,362
1829,362
1935,362
1952,362
2083,362
2191,362
2203,362
2252,362
2309,362
2319,362
2348,362
2398,362
2412,362
2472,362
2489,362
2543,362
2544,362
2581,362
2593,362
2687,362
2691,362
2703,362
2829,362
2838,362
2865,362
2878,362
2905,362
2972,362
3006,362
3291,362
3293,362
3422,362
3458,362
3506,362
3553,362
3569,362
3627,362
3636,362
3637,362
3661,362
3667,362
1087,375
2185,377
3724,377
1434,378
1485,378
1894,378
2442,378
2714,378
3255,378
3357,378
1284,379
1863,380
3839,380
13,381
263,381
588,381
1192,381
2216,381
2801,383
3338,383
3071,384
1712,386
3348,388
1348,390
2055,392
3121,397
2334,398
1059,399
140,401
1444,401
1845,407
2404,407
3284,407
141,410
294,410
476,410
540,410
683,410
767,410
809,410
1029,410
1156,410
1208,410
1220,410
1314,410
1328,410
1372,410
1466,410
1576,410
1578,410
1619,410
1694,410
1847,410
1945,410
2047,410
2298,410
2315,410
2475,410
2476,410
2479,410
2532,410
2619,410
2869,410
3274,410
3349,410
3505,410
3573,410
3617,410
3643,410
3761,410
3780,410
3861,410
3871,410
615,411
2249,411
92,415
99,415
454,415
1036,415
2496,415
3124,415
3187,415
3279,415
3604,415
3713,415
3856,418
450,420
1780,420
2625,420
1103,425
881,429
52,432
606,432
631,432
1228,432
2213,432
3450,432
464,434
762,434
1097,434
1161,434
1606,434
1801,434
1907,434
2093,434
2445,434
2461,434
2484,434
2643,434
2663,434
2959,434
3804,434
379,435
449,435
459,435
783,435
1112,435
1788,435
2035,435
2108,435
2241,435
2379,435
2395,435
2522,435
2672,435
2715,435
3563,435
3568,435
96,436
106,436
111,436
191,436
261,436
286,436
352,436
418,436
509,436
556,436
655,436
720,436
755,436
784,436
818,436
834,436
835,436
838,436
850,436
916,436
975,436
988,436
992,436
1066,436
1170,436
1174,436
1216,436
1309,436
1316,436
1374,436
1412,436
1457,436
1503,436
1510,436
1580,436
1669,436
1684,436
1685,436
1692,436
1725,436
1758,436
1770,436
1773,436
1775,436
1840,436
1905,436
1923,436
1938,436
1996,436
2009,436
2030,436
2051,436
2062,436
2068,436
2076,436
2105,436
2128,436
2180,436
2245,436
2383,436
2418,436
2480,436
2497,436
2521,436
2637,436
2641,436
2651,436
2659,436
2726,436
2736,436
2759,436
2777,436
2789,436
2790,436
2830,436
2855,436
2925,436
2928,436
3010,436
3074,436
3104,436
3139,436
3150,436
3178,436
3204,436
3215,436
3268,436
3282,436
3327,436
3415,436
3425,436
3437,436
3474,436
3558,436
3600,436
3633,436
3657,436
3789,436
3793,436
3816,436
3288,449
346,452
2595,452
3127,452
3152,452
3180,452
53,454
248,456
3742,457
2921,458
2463,460
906,462
3208,462
500,463
237,466
251,466
3769,468
212,469
356,469
393,469
571,469
732,469
872,469
1254,469
1331,469
1475,469
1888,469
1933,469
2326,469
2364,469
2384,469
2495,469
2562,469
2606,469
2682,469
2750,469
2775,469
2815,469
3034,469
3186,469
3350,469
3375,469
3388,469
3440,469
3628,469
3693,469
3837,469
3853,469
289,470
218,471
591,471
796,471
2196,471
2381,471
360,472
62,475
69,475
165,475
217,475
224,475
264,475
284,475
309,475
324,475
348,475
357,475
363,475
387,475
403,475
465,475
506,475
578,475
636,475
742,475
801,475
811,475
821,475
846,475
948,475
951,475
980,475
991,475
996,475
1022,475
1030,475
1032,475
1076,475
1084,475
1088,475
1122,475
1123,475
1212,475
1244,475
1262,475
1270,475
1273,475
1320,475
1329,475
1345,475
1379,475
1523,475
1559,475
1564,475
1574,475
1616,475
1626,475
1791,475
1823,475
1969,475
2071,475
2106,475
2149,475
2152,475
2210,475
2243,475
2253,475
2314,475
2354,475
2362,475
2368,475
2378,475
2402,475
2464,475
2470,475
2507,475
2535,475
2536,475
2542,475
2548,475
2555,475
2648,475
2760,475
2783,475
2840,475
2842,475
2864,475
2922,475
2998,475
3026,475
3049,475
3058,475
3080,475
3090,475
3102,475
3116,475
3122,475
3132,475
3141,475
3151,475
3165,475
3230,475
3297,475
3299,475
3319,475
3341,475
3342,475
3359,475
3470,475
3478,475
3511,475
3552,475
3631,475
3674,475
3682,475
3829,475
3847,475
3862,475
206,479
288,479
1714,479
3737,479
1386,491
421,493
1607,493
266,504
1169,504
2768,504
3902,504
1867,506
287,508
2349,508
2318,509
3676,510
1587,525
1683,525
2147,525
1018,528
3441,528
1159,534
2802,537
